           this run            
┏━━━━━━━━━━━━━━━━━━━━━┳━━━━━━━┓
┃ Data                ┃ Value ┃
┡━━━━━━━━━━━━━━━━━━━━━╇━━━━━━━┩
│ partition           │ west  │
│ tasks total         │ 2     │
│ tasks per node      │ 1     │
│ nodes               │ 2     │
│ time before timeout │ 1     │
└─────────────────────┴───────┘
INFO     ⏱ finished in 12031.824004353955                                       

INFO     Utilized backend:       POSIX                                          
         Time taken:             11992.917 s                                    
         Mem used (lower bound): 600.00 MB                                      
         Method for calculation: Jacobi                                         
         Lines:                  5000                                           
         Perturbation function:  f(x,y) = 0                                     
         Number of iterations:   200000                                         
         Norm of error:          1.620353e-06                                   
                                                                                
         Total write operations across all processes: 0                         
         Bytes written in total: 0 B                                            
         Total throughput in writing: 0.00 B/s                                  
         Time spent copying matrices (avg/process): 0.000 s                     
                                                                                
         Total read operations across all processes: 0                          
         Bytes read in total: 0 B                                               
         Total throughput in reading: 0.00 B/s                                  
         Average CPU/core usage per process: 99.91 %                            
                                                                                
         Matrix:                                                                
          1.0000 0.8888 0.7778 0.6665 0.5555 0.4443 0.3333 0.2220 0.0000        
          0.8888 0.1337 0.0616 0.0525 0.0437 0.0350 0.0262 0.0175 0.1112        
          0.7778 0.0616 0.0007 0.0003 0.0002 0.0002 0.0001 0.0002 0.2222        
          0.6665 0.0525 0.0003 0.0000 0.0000 0.0000 0.0000 0.0001 0.3335        
          0.5555 0.0437 0.0002 0.0000 0.0000 0.0000 0.0000 0.0002 0.4445        
          0.4443 0.0350 0.0002 0.0000 0.0000 0.0000 0.0000 0.0002 0.5557        
          0.3333 0.0262 0.0001 0.0000 0.0000 0.0000 0.0000 0.0003 0.6667        
          0.2220 0.0175 0.0002 0.0001 0.0002 0.0002 0.0003 0.0007 0.7780        
          0.0000 0.1112 0.2222 0.3335 0.4445 0.5557 0.6667 0.7780 1.0000        
         Utilized backend:       POSIX                                          
         Time taken:             12031.205 s                                    
         Mem used (lower bound): 600.00 MB                                      
         Method for calculation: Jacobi                                         
         Lines:                  5000                                           
         Perturbation function:  f(x,y) = 0                                     
         Number of iterations:   200000                                         
         Norm of error:          1.620353e-06                                   
                                                                                
         Total write operations across all processes: 0                         
         Bytes written in total: 0 B                                            
         Total throughput in writing: 0.00 B/s                                  
         Time spent copying matrices (avg/process): 0.000 s                     
                                                                                
         Total read operations across all processes: 0                          
         Bytes read in total: 0 B                                               
         Total throughput in reading: 0.00 B/s                                  
         Average CPU/core usage per process: 99.91 %                            
                                                                                
         Matrix:                                                                
          1.0000 0.8888 0.7778 0.6665 0.5555 0.4443 0.3333 0.2220 0.0000        
          0.8888 0.1337 0.0616 0.0525 0.0437 0.0350 0.0262 0.0175 0.1112        
          0.7778 0.0616 0.0007 0.0003 0.0002 0.0002 0.0001 0.0002 0.2222        
          0.6665 0.0525 0.0003 0.0000 0.0000 0.0000 0.0000 0.0001 0.3335        
          0.5555 0.0437 0.0002 0.0000 0.0000 0.0000 0.0000 0.0002 0.4445        
          0.4443 0.0350 0.0002 0.0000 0.0000 0.0000 0.0000 0.0002 0.5557        
          0.3333 0.0262 0.0001 0.0000 0.0000 0.0000 0.0000 0.0003 0.6667        
          0.2220 0.0175 0.0002 0.0001 0.0002 0.0002 0.0003 0.0007 0.7780        
          0.0000 0.1112 0.2222 0.3335 0.4445 0.5557 0.6667 0.7780 1.0000        
                                                                                
