DEBUG    initialized logging                                                    
DEBUG    mpirun args: ['mpirun', '-n', '2']                                     
           mpirun settings            
╭── command ──╮ ╭─ nodes ─╮ ╭─ path ─╮
│ mpirun -n 2 │ │ 2       │ │ mpirun │
╰─────────────╯ ╰─────────╯ ╰────────╯
DEBUG    numio args: ['/home/oosting/IO-partdiff/numio-posix', '-m',            
         'iter=1,size=9,pert=1', '-r', 'freq=1,path=path.out', '-w',            
         'freq=1,path=path.out', '-t', '1']                                     
                                 NumIO setting                                  
╭────────────────────────────────── command ───────────────────────────────────╮
│ /home/oosting/IO-partdiff/numio-posix -m iter=1,size=9,pert=1 -r             │
│ freq=1,path=path.out -w freq=1,path=path.out -t 1                            │
╰──────────────────────────────────────────────────────────────────────────────╯
DEBUG    mpirun args: ['mpirun', '-n', '2']                                     
DEBUG    numio args: ['/home/oosting/IO-partdiff/numio-posix', '-m',            
         'iter=1,size=9,pert=1', '-r', 'freq=1,path=path.out', '-w',            
         'freq=1,path=path.out', '-t', '1']                                     
⏱ finished in 0 days, 19.0 hours, 4.0 minutes and 17 seconds

Utilized backend:       POSIX
Time taken:             68656.396 s
Mem used (lower bound): 0.00 MB
Method for calculation: Jacobi
Lines:                  9
Perturbation function:  f(x,y) = 0
Number of iterations:   1
Norm of error:          3.869629e-02

Total write operations across all processes: 2
Bytes written in total: 648 B
Total throughput in writing: 22403.54 B/s
Time spent copying matrices (avg/process): 0.000 s

Total read operations across all processes: 2
Bytes read in total: 648 B
Total throughput in reading: 0.02 B/s
Average CPU/core usage per process: 100.00 %

Matrix:
 1.0000 0.8750 0.7500 0.6250 0.5000 0.3750 0.2500 0.1250 0.0000
 0.8750 0.6838 0.5223 0.3950 0.3027 0.2310 0.1788 0.1453 0.1250
 0.7500 0.5223 0.3369 0.2198 0.1523 0.1259 0.1338 0.1788 0.2500
 0.6250 0.3950 0.2198 0.1130 0.0703 0.0735 0.1259 0.2310 0.3750
 0.5000 0.3027 0.1523 0.0703 0.0449 0.0703 0.1523 0.3027 0.5000
 0.3750 0.2310 0.1259 0.0735 0.0703 0.1130 0.2198 0.3950 0.6250
 0.2500 0.1788 0.1338 0.1259 0.1523 0.2198 0.3369 0.5223 0.7500
 0.1250 0.1453 0.1788 0.2310 0.3027 0.3950 0.5223 0.6838 0.8750
 0.0000 0.1250 0.2500 0.3750 0.5000 0.6250 0.7500 0.8750 1.0000

